40,30
1.000000,0.000000
0.999189,-0.040266
0.996757,-0.080466
0.992709,-0.120537
0.987050,-0.160411
0.979791,-0.200025
0.970942,-0.239316
0.960518,-0.278218
0.948537,-0.316668
0.935016,-0.354605
0.919980,-0.391966
0.903450,-0.428692
0.885456,-0.464723
0.866026,-0.500000
0.845190,-0.534466
0.822984,-0.568065
0.799443,-0.600742
0.774605,-0.632445
0.748511,-0.663122
0.721203,-0.692724
0.692724,-0.721202
0.663123,-0.748511
0.632445,-0.774605
0.600742,-0.799443
0.568065,-0.822984
0.534466,-0.845190
0.500000,-0.866025
0.464723,-0.885456
0.428693,-0.903450
0.391966,-0.919980
0.354605,-0.935016
0.316668,-0.948536
0.278217,-0.960518
0.239316,-0.970942
0.200026,-0.979791
0.160411,-0.987050
0.120537,-0.992709
0.080466,-0.996757
0.040266,-0.999189
0.000000,-1.000000
0.994735,0.102485
0.966756,0.060240
0.946615,0.019260
0.930275,-0.020954
0.915671,-0.060623
0.901647,-0.099837
0.887524,-0.138623
0.872886,-0.176969
0.857474,-0.214847
0.841124,-0.252217
0.823733,-0.289033
0.805234,-0.325247
0.785591,-0.360811
0.764784,-0.395673
0.742807,-0.429785
0.719666,-0.463098
0.695373,-0.495566
0.669948,-0.527143
0.643413,-0.557787
0.615799,-0.587454
0.587138,-0.616109
0.557465,-0.643714
0.526819,-0.670237
0.495242,-0.695651
0.462777,-0.719930
0.429469,-0.743055
0.395366,-0.765015
0.360515,-0.785805
0.324967,-0.805431
0.288771,-0.823912
0.251977,-0.841286
0.214633,-0.857618
0.176785,-0.873012
0.138471,-0.887633
0.099723,-0.901739
0.060548,-0.915745
0.020922,-0.930328
-0.019251,-0.946641
-0.060202,-0.966749
-0.102485,-0.994735
0.979153,0.203125
0.944010,0.158939
0.914195,0.116570
0.888499,0.075473
0.865611,0.035297
0.844484,-0.004168
0.824336,-0.043037
0.804598,-0.081367
0.784860,-0.119175
0.764826,-0.156454
0.744284,-0.193185
0.723081,-0.229338
0.701110,-0.264877
0.678295,-0.299765
0.654587,-0.333964
0.629954,-0.367434
0.604378,-0.400137
0.577856,-0.432037
0.550390,-0.463101
0.521994,-0.493296
0.492684,-0.522597
0.462484,-0.550981
0.431422,-0.578429
0.399529,-0.604931
0.366839,-0.630483
0.333389,-0.655090
0.299216,-0.678769
0.264360,-0.701553
0.228860,-0.723492
0.192754,-0.744661
0.156077,-0.765169
0.118858,-0.785167
0.081118,-0.804868
0.042862,-0.824568
0.004069,-0.844674
-0.035318,-0.865754
-0.075421,-0.888587
-0.116463,-0.914222
-0.158820,-0.943982
-0.203124,-0.979153
0.953880,0.300188
0.915997,0.254306
0.881845,0.210611
0.850903,0.168532
0.822519,0.127661
0.796040,0.087719
0.770888,0.048525
0.746577,0.009970
0.722716,-0.028009
0.698993,-0.065440
0.675165,-0.102327
0.651043,-0.138663
0.626480,-0.174428
0.601367,-0.209597
0.575621,-0.244143
0.549183,-0.278036
0.522012,-0.311248
0.494083,-0.343752
0.465380,-0.375523
0.435900,-0.406540
0.405647,-0.436788
0.374633,-0.466256
0.342873,-0.494940
0.310390,-0.522844
0.277209,-0.549984
0.243356,-0.576387
0.208861,-0.602093
0.173754,-0.627163
0.138062,-0.651679
0.101809,-0.675752
0.065015,-0.699526
0.027687,-0.723192
-0.010182,-0.746992
-0.048623,-0.771235
-0.087701,-0.796314
-0.127536,-0.822711
-0.168321,-0.851008
-0.210355,-0.881864
-0.254084,-0.915955
-0.300187,-0.953880
0.919898,0.392157
0.880980,0.344887
0.844854,0.300115
0.811158,0.257225
0.779502,0.215761
0.749486,0.175396
0.720723,0.135900
0.692864,0.097119
0.665603,0.058951
0.638676,0.021338
0.611866,-0.015751
0.584991,-0.052328
0.557905,-0.088389
0.530488,-0.123922
0.502649,-0.158911
0.474316,-0.193336
0.445435,-0.227176
0.415968,-0.260411
0.385889,-0.293026
0.355183,-0.325008
0.323846,-0.356348
0.291879,-0.387045
0.259291,-0.417106
0.226095,-0.446546
0.192310,-0.475391
0.157954,-0.503681
0.123049,-0.531470
0.087613,-0.558830
0.051665,-0.585855
0.015215,-0.612661
-0.021735,-0.639397
-0.059200,-0.666242
-0.097213,-0.693415
-0.135839,-0.721177
-0.175188,-0.749834
-0.215427,-0.779740
-0.256804,-0.811284
-0.299677,-0.844880
-0.344548,-0.880942
-0.392157,-0.919898
0.878463,0.477810
0.839486,0.429499
0.802608,0.383965
0.767552,0.340535
0.734047,0.298710
0.701825,0.258119
0.670626,0.218489
0.640208,0.179629
0.610351,0.141404
0.580856,0.103725
0.551552,0.066534
0.522289,0.029803
0.492942,-0.006483
0.463406,-0.042326
0.433594,-0.077718
0.403439,-0.112647
0.372887,-0.147102
0.341897,-0.181067
0.310442,-0.214532
0.278502,-0.247489
0.246070,-0.279934
0.213142,-0.311872
0.179723,-0.343311
0.145822,-0.374272
0.111451,-0.404784
0.076623,-0.434888
0.041354,-0.464638
0.005652,-0.494105
-0.030475,-0.523373
-0.067031,-0.552549
-0.104033,-0.581758
-0.141515,-0.611148
-0.179541,-0.640891
-0.218208,-0.671186
-0.257664,-0.702255
-0.298119,-0.734345
-0.339870,-0.767722
-0.383323,-0.802667
-0.429036,-0.839472
-0.477810,-0.878463
0.831011,0.556256
0.792614,0.507284
0.755726,0.461327
0.720146,0.417666
0.685683,0.375758
0.652151,0.335195
0.619372,0.295670
0.587181,0.256954
0.555424,0.218881
0.523963,0.181334
0.492671,0.144232
0.461441,0.107523
0.430177,0.071176
0.398798,0.035177
0.367237,-0.000478
0.335439,-0.035787
0.303360,-0.070741
0.270969,-0.105332
0.238241,-0.139552
0.205162,-0.173393
0.171725,-0.206854
0.137928,-0.239936
0.103777,-0.272650
0.069277,-0.305011
0.034438,-0.337043
-0.000729,-0.368782
-0.036219,-0.400272
-0.072029,-0.431568
-0.108165,-0.462738
-0.144646,-0.493864
-0.181507,-0.525041
-0.218807,-0.556379
-0.256635,-0.588002
-0.295123,-0.620052
-0.334454,-0.652684
-0.374877,-0.686070
-0.416731,-0.720393
-0.460468,-0.755849
-0.506692,-0.792646
-0.556256,-0.831011
0.779053,0.626958
0.741667,0.577711
0.705249,0.531677
0.669678,0.488098
0.634831,0.446398
0.600586,0.406135
0.566825,0.366972
0.533438,0.328648
0.500326,0.290968
0.467397,0.253788
0.434568,0.217003
0.401769,0.180539
0.368938,0.144347
0.336021,0.108399
0.302975,0.072678
0.269766,0.037180
0.236368,0.001905
0.202760,-0.033139
0.168932,-0.067947
0.134878,-0.102510
0.100598,-0.136823
0.066095,-0.170886
0.031377,-0.204700
-0.003547,-0.238273
-0.038671,-0.271619
-0.073987,-0.304760
-0.109495,-0.337723
-0.145203,-0.370545
-0.181129,-0.403270
-0.217307,-0.435952
-0.253795,-0.468653
-0.290675,-0.501446
-0.328066,-0.534413
-0.366127,-0.567648
-0.405078,-0.601253
-0.445202,-0.635343
-0.486877,-0.670039
-0.530591,-0.705470
-0.576989,-0.741766
-0.626958,-0.779053
0.724087,0.689709
0.687990,0.640564
0.652353,0.594787
0.617137,0.551593
0.582282,0.510381
0.547722,0.470683
0.513390,0.432134
0.479222,0.394448
0.445160,0.357403
0.411153,0.320828
0.377156,0.284594
0.343133,0.248608
0.309052,0.212801
0.274889,0.177130
0.240629,0.141566
0.206258,0.106095
0.171770,0.070713
0.137165,0.035423
0.102446,0.000232
0.067620,-0.034850
0.032697,-0.069814
-0.002312,-0.104651
-0.037393,-0.139354
-0.072536,-0.173918
-0.107731,-0.208345
-0.142977,-0.242638
-0.178280,-0.276806
-0.213655,-0.310863
-0.249137,-0.344829
-0.284777,-0.378727
-0.320653,-0.412591
-0.356872,-0.446457
-0.393582,-0.480371
-0.430972,-0.514385
-0.469291,-0.548558
-0.508856,-0.582957
-0.550076,-0.617650
-0.593471,-0.652704
-0.639713,-0.688175
-0.689709,-0.724087
0.667516,0.744595
0.632872,0.695904
0.598208,0.650694
0.563565,0.608166
0.528946,0.567700
0.494337,0.528811
0.459716,0.491109
0.425057,0.454287
0.390341,0.418099
0.355551,0.382350
0.320676,0.346888
0.285709,0.311599
0.250651,0.276397
0.215505,0.241221
0.180280,0.206031
0.144988,0.170804
0.109644,0.135531
0.074266,0.100211
0.038875,0.064851
0.003492,0.029464
-0.031862,-0.005934
-0.067165,-0.041326
-0.102397,-0.076695
-0.137544,-0.112023
-0.172597,-0.147296
-0.207556,-0.182499
-0.242433,-0.217622
-0.277255,-0.252655
-0.312070,-0.287592
-0.346948,-0.322431
-0.381988,-0.357175
-0.417323,-0.391827
-0.453126,-0.426401
-0.489616,-0.460911
-0.527071,-0.495377
-0.565837,-0.529823
-0.606348,-0.564267
-0.649147,-0.598719
-0.694926,-0.633160
-0.744595,-0.667516
0.610596,0.791943
0.577479,0.744018
0.543892,0.699653
0.509951,0.658040
0.475722,0.618550
0.441237,0.580683
0.406514,0.544034
0.371567,0.508275
0.336409,0.473138
0.301054,0.438406
0.265522,0.403908
0.229837,0.369508
0.194026,0.335102
0.158120,0.300615
0.122153,0.265994
0.086159,0.231208
0.050176,0.196241
0.014239,0.161090
-0.021613,0.125765
-0.057346,0.090279
-0.092924,0.054656
-0.128319,0.018920
-0.163502,-0.016900
-0.198456,-0.052775
-0.233170,-0.088674
-0.267647,-0.124566
-0.301904,-0.160421
-0.335979,-0.196208
-0.369933,-0.231897
-0.403853,-0.267458
-0.437862,-0.302866
-0.472116,-0.338096
-0.506814,-0.373125
-0.542204,-0.407937
-0.578589,-0.442513
-0.616342,-0.476836
-0.655918,-0.510877
-0.697876,-0.544589
-0.742918,-0.577885
-0.791943,-0.610596
0.554395,0.832254
0.522817,0.785368
0.490345,0.742085
0.457173,0.701600
0.423420,0.663280
0.389165,0.626618
0.354464,0.591194
0.319365,0.556663
0.283912,0.522738
0.248150,0.489184
0.212128,0.455806
0.175898,0.422450
0.139514,0.388996
0.103034,0.355355
0.066514,0.321463
0.030012,0.287280
-0.006417,0.252786
-0.042718,0.217977
-0.078840,0.182862
-0.114733,0.147461
-0.150352,0.111799
-0.185659,0.075911
-0.220619,0.039833
-0.255211,0.003607
-0.289422,-0.032722
-0.323257,-0.069110
-0.356736,-0.105508
-0.389907,-0.141864
-0.422843,-0.178126
-0.455649,-0.214240
-0.488465,-0.250152
-0.521475,-0.285808
-0.554903,-0.321154
-0.589024,-0.356137
-0.624166,-0.390706
-0.660725,-0.424801
-0.699173,-0.458350
-0.740080,-0.491253
-0.784148,-0.523353
-0.832254,-0.554395
0.499784,0.866150
0.469707,0.820527
0.438345,0.778524
0.405961,0.739341
0.372726,0.702352
0.338759,0.667041
0.304154,0.632981
0.268988,0.599811
0.233338,0.567227
0.197278,0.534972
0.160886,0.502834
0.124242,0.470641
0.087427,0.438256
0.050524,0.405578
0.013611,0.372534
-0.023236,0.339078
-0.059942,0.305187
-0.096439,0.270855
-0.132662,0.236094
-0.168552,0.200926
-0.204055,0.165383
-0.239124,0.129505
-0.273720,0.093336
-0.307816,0.056929
-0.341398,0.020336
-0.374470,-0.016382
-0.407056,-0.053162
-0.439209,-0.089937
-0.471013,-0.126632
-0.502586,-0.163171
-0.534090,-0.199471
-0.565730,-0.235448
-0.597757,-0.271018
-0.630473,-0.306094
-0.664231,-0.340586
-0.699448,-0.374398
-0.736609,-0.407413
-0.776293,-0.439481
-0.819191,-0.470384
-0.866150,-0.499784
0.447433,0.894317
0.418788,0.850134
0.388498,0.809566
0.356889,0.771825
0.324178,0.736290
0.290523,0.702447
0.256047,0.669859
0.220862,0.638151
0.185071,0.607003
0.148782,0.576138
0.112102,0.545325
0.075139,0.514374
0.038003,0.483137
0.000798,0.451500
-0.036377,0.419383
-0.073429,0.386738
-0.110269,0.353539
-0.146818,0.319784
-0.183002,0.285483
-0.218752,0.250665
-0.254010,0.215365
-0.288722,0.179629
-0.322845,0.143507
-0.356348,0.107058
-0.389214,0.070343
-0.421443,0.033431
-0.453063,-0.003601
-0.484127,-0.040673
-0.514726,-0.077692
-0.544991,-0.114558
-0.575100,-0.151165
-0.605281,-0.187398
-0.635811,-0.223138
-0.667017,-0.258263
-0.699282,-0.292648
-0.733040,-0.326157
-0.768791,-0.358633
-0.807113,-0.389876
-0.848686,-0.419613
-0.894317,-0.447433
0.397828,0.917460
0.370525,0.874851
0.341247,0.835834
0.310377,0.799638
0.278171,0.765652
0.244818,0.733364
0.210475,0.702329
0.175280,0.672159
0.139371,0.642514
0.102887,0.613100
0.065969,0.583665
0.028755,0.554004
-0.008620,0.523956
-0.046031,0.493400
-0.083359,0.462253
-0.120498,0.430465
-0.157352,0.398013
-0.193832,0.364897
-0.229859,0.331131
-0.265360,0.296747
-0.300272,0.261784
-0.334537,0.226292
-0.368110,0.190325
-0.400954,0.153947
-0.433050,0.117224
-0.464395,0.080231
-0.495012,0.043053
-0.524956,0.005782
-0.554319,-0.031476
-0.583239,-0.068602
-0.611909,-0.105463
-0.640575,-0.141914
-0.669541,-0.177802
-0.699165,-0.212967
-0.729853,-0.247244
-0.762064,-0.280460
-0.796309,-0.312418
-0.833164,-0.342873
-0.873294,-0.371500
-0.917460,-0.397828
0.351288,0.936267
0.325226,0.895327
0.296886,0.857944
0.266698,0.823367
0.234954,0.790999
0.201869,0.760329
0.167627,0.730908
0.132401,0.702331
0.096364,0.674236
0.059691,0.646308
0.022560,0.618276
-0.014861,0.589920
-0.052410,0.561070
-0.089944,0.531603
-0.127334,0.501435
-0.164463,0.470520
-0.201229,0.438839
-0.237540,0.406396
-0.273316,0.373210
-0.308481,0.339315
-0.342969,0.304756
-0.376724,0.269583
-0.409694,0.233856
-0.441843,0.197637
-0.473144,0.160997
-0.503593,0.124015
-0.533206,0.086778
-0.562032,0.049386
-0.590162,0.011955
-0.617737,-0.025381
-0.644956,-0.062465
-0.672083,-0.099122
-0.699447,-0.135163
-0.727436,-0.170386
-0.756488,-0.204585
-0.787086,-0.237545
-0.819753,-0.269030
-0.855066,-0.298755
-0.893666,-0.326349
-0.936268,-0.351288
0.307993,0.951389
0.283064,0.912176
0.255575,0.876481
0.225999,0.843573
0.194648,0.812873
0.161765,0.783874
0.127563,0.756114
0.092251,0.729170
0.056047,0.702655
0.019170,0.676226
-0.018165,0.649595
-0.055758,0.622532
-0.093427,0.594861
-0.131016,0.566462
-0.168387,0.537256
-0.205421,0.507205
-0.242015,0.476295
-0.278078,0.444536
-0.313527,0.411952
-0.348290,0.378581
-0.382301,0.344469
-0.415501,0.309671
-0.447840,0.274243
-0.479277,0.238252
-0.509783,0.201768
-0.539346,0.164870
-0.567977,0.127646
-0.595717,0.090198
-0.622648,0.052647
-0.648906,0.015140
-0.674693,-0.022150
-0.700284,-0.059020
-0.726031,-0.095242
-0.752353,-0.130569
-0.779725,-0.164747
-0.808658,-0.197516
-0.839694,-0.228599
-0.873408,-0.257673
-0.910418,-0.284327
-0.951389,-0.307993
0.268010,0.963416
0.244099,0.925963
0.217366,0.891987
0.188308,0.860785
0.157256,0.831794
0.124475,0.804510
0.090215,0.778455
0.054736,0.753175
0.018308,0.728251
-0.018800,0.703315
-0.056334,0.678060
-0.094068,0.652250
-0.131807,0.625715
-0.169387,0.598341
-0.206670,0.570062
-0.243538,0.540847
-0.279891,0.510691
-0.315641,0.479611
-0.350708,0.447635
-0.385023,0.414805
-0.418519,0.381168
-0.451140,0.346778
-0.482836,0.311696
-0.513562,0.275983
-0.543287,0.239712
-0.571993,0.202957
-0.599683,0.165805
-0.626386,0.128357
-0.652174,0.090736
-0.677171,0.053089
-0.701573,0.015604
-0.725657,-0.021495
-0.749792,-0.057941
-0.774430,-0.093441
-0.800085,-0.127685
-0.827308,-0.160359
-0.856667,-0.191138
-0.888738,-0.219664
-0.924117,-0.245488
-0.963416,-0.268010
0.231314,0.972879
0.208306,0.937196
0.182217,0.904956
0.153558,0.875488
0.122673,0.848251
0.089857,0.822733
0.055413,0.798424
0.019665,0.774831
-0.017052,0.751493
-0.054415,0.728017
-0.092138,0.704087
-0.129979,0.679471
-0.167736,0.654010
-0.205247,0.627605
-0.242380,0.600203
-0.279024,0.571786
-0.315082,0.542357
-0.350472,0.511939
-0.385118,0.480567
-0.418954,0.448281
-0.451916,0.415133
-0.483948,0.381175
-0.515001,0.346467
-0.545030,0.311070
-0.573999,0.275053
-0.601888,0.238489
-0.628688,0.201461
-0.654419,0.164065
-0.679137,0.126417
-0.702948,0.088665
-0.726033,0.050998
-0.748662,0.013656
-0.771212,-0.023066
-0.794161,-0.058825
-0.818069,-0.093249
-0.843537,-0.125956
-0.871170,-0.156564
-0.901557,-0.184671
-0.935274,-0.209796
-0.972879,-0.231314
0.197815,0.980239
0.175585,0.946321
0.150009,0.915830
0.121596,0.888134
0.090705,0.862708
0.057679,0.839015
0.022899,0.816495
-0.013224,0.794597
-0.050283,0.772818
-0.087912,0.750745
-0.125802,0.728067
-0.163704,0.704567
-0.201427,0.680105
-0.238815,0.654602
-0.275746,0.628023
-0.312118,0.600360
-0.347842,0.571626
-0.382840,0.541849
-0.417042,0.511067
-0.450383,0.479323
-0.482804,0.446667
-0.514251,0.413153
-0.544673,0.378838
-0.574027,0.343783
-0.602275,0.308052
-0.629390,0.271717
-0.655359,0.234854
-0.680189,0.197554
-0.703918,0.159926
-0.726633,0.122107
-0.748490,0.084281
-0.769740,0.046690
-0.790753,0.009647
-0.812024,-0.026462
-0.834158,-0.061198
-0.857816,-0.094100
-0.883662,-0.124708
-0.912315,-0.152562
-0.944340,-0.177146
-0.980239,-0.197815
0.167373,0.985894
0.145788,0.953727
0.120561,0.925005
0.092194,0.899141
0.061075,0.875607
0.027633,0.853812
-0.007638,0.833116
-0.044227,0.812898
-0.081660,0.792621
-0.119540,0.771869
-0.157555,0.750351
-0.195470,0.727877
-0.233105,0.704334
-0.270322,0.679666
-0.307010,0.653854
-0.343077,0.626901
-0.378441,0.598828
-0.413030,0.569667
-0.446777,0.539458
-0.479622,0.508245
-0.511507,0.476079
-0.542381,0.443012
-0.572193,0.409101
-0.600901,0.374403
-0.628466,0.338982
-0.654857,0.302904
-0.680055,0.266242
-0.704056,0.229078
-0.726882,0.191513
-0.748599,0.153671
-0.769330,0.115720
-0.789298,0.077893
-0.808846,0.040503
-0.828471,0.003963
-0.848810,-0.031227
-0.870595,-0.064513
-0.894571,-0.095335
-0.921417,-0.123145
-0.951708,-0.147379
-0.985894,-0.167373
0.139817,0.990177
0.118722,0.959753
0.093637,0.932846
0.065054,0.908911
0.033440,0.887381
-0.000635,0.867560
-0.036534,0.848699
-0.073644,0.830113
-0.111445,0.811249
-0.149536,0.791714
-0.187624,0.771252
-0.225496,0.749710
-0.262997,0.727008
-0.300004,0.703110
-0.336421,0.678011
-0.372161,0.651725
-0.407153,0.624279
-0.441327,0.595708
-0.474622,0.566053
-0.506979,0.535359
-0.538344,0.503675
-0.568665,0.471053
-0.597896,0.437548
-0.625993,0.403217
-0.652916,0.368119
-0.678633,0.332319
-0.703119,0.295884
-0.726363,0.258892
-0.748372,0.221430
-0.769188,0.183611
-0.788906,0.145581
-0.807704,0.107551
-0.825888,0.069816
-0.843925,0.032791
-0.862466,-0.002980
-0.882309,-0.036856
-0.904305,-0.068146
-0.929235,-0.096177
-0.957721,-0.120299
-0.990177,-0.139817
0.114957,0.993370
0.094166,0.964695
0.068945,0.939696
0.039817,0.917842
0.007410,0.898451
-0.027501,0.880664
-0.064119,0.863612
-0.101753,0.846568
-0.139877,0.828999
-0.178118,0.810561
-0.216219,0.791049
-0.253999,0.770351
-0.291327,0.748415
-0.328097,0.725227
-0.364224,0.700793
-0.399630,0.675135
-0.434248,0.648284
-0.468013,0.620276
-0.500868,0.591153
-0.532755,0.560961
-0.563622,0.529748
-0.593420,0.497565
-0.622103,0.464464
-0.649627,0.430502
-0.675953,0.395736
-0.701046,0.360227
-0.724880,0.324039
-0.747434,0.287244
-0.768707,0.249922
-0.788720,0.212169
-0.807535,0.174112
-0.825289,0.135930
-0.842230,0.097884
-0.858773,0.060363
-0.875546,0.023915
-0.893387,-0.010745
-0.913265,-0.042790
-0.936117,-0.071368
-0.962680,-0.095677
-0.993370,-0.114958
0.092594,0.995704
0.071866,0.968821
0.046138,0.945902
0.016067,0.926342
-0.017434,0.909230
-0.053328,0.893495
-0.090683,0.878170
-0.128791,0.862536
-0.167163,0.846124
-0.205482,0.828660
-0.243539,0.809995
-0.281186,0.790059
-0.318314,0.768825
-0.354832,0.746294
-0.390663,0.722482
-0.425737,0.697416
-0.459990,0.671128
-0.493362,0.643657
-0.525796,0.615046
-0.557238,0.585337
-0.587638,0.554581
-0.616947,0.522825
-0.645119,0.490122
-0.672113,0.456526
-0.697888,0.422094
-0.722410,0.386883
-0.745648,0.350955
-0.767579,0.314378
-0.788190,0.277223
-0.807489,0.239575
-0.825511,0.201542
-0.842348,0.163270
-0.858187,0.124974
-0.873365,0.086991
-0.888445,0.049831
-0.904257,0.014231
-0.921866,-0.018864
-0.942414,-0.048379
-0.966858,-0.073262
-0.995704,-0.092594
0.072526,0.997367
0.051527,0.972395
0.024794,0.951843
-0.006665,0.934841
-0.041504,0.920113
-0.078434,0.906373
-0.116467,0.892630
-0.154950,0.878244
-0.193480,0.862844
-0.231809,0.846237
-0.269774,0.828330
-0.307260,0.809086
-0.344173,0.788498
-0.380435,0.766578
-0.415976,0.743348
-0.450730,0.718839
-0.484636,0.693086
-0.517638,0.666126
-0.549679,0.638002
-0.580708,0.608758
-0.610675,0.578441
-0.639533,0.547099
-0.667237,0.514784
-0.693745,0.481548
-0.719018,0.447446
-0.743020,0.412534
-0.765719,0.376873
-0.787088,0.340525
-0.807109,0.303558
-0.825776,0.266047
-0.843105,0.228082
-0.859149,0.189782
-0.874033,0.151314
-0.888007,0.112946
-0.901526,0.075110
-0.915341,0.038489
-0.930553,0.004086
-0.948512,-0.026805
-0.970524,-0.052762
-0.997367,-0.072526
0.054555,0.998511
0.032789,0.975714
0.004406,0.957961
-0.028869,0.943789
-0.065174,0.931457
-0.103072,0.919561
-0.141652,0.907204
-0.180390,0.893889
-0.218989,0.879364
-0.257272,0.863512
-0.295114,0.846286
-0.332424,0.827675
-0.369121,0.807684
-0.405134,0.786335
-0.440399,0.763653
-0.474853,0.739671
-0.508438,0.714423
-0.541098,0.687948
-0.572780,0.660288
-0.603433,0.631487
-0.633008,0.601590
-0.661458,0.570646
-0.688739,0.538705
-0.714809,0.505817
-0.739629,0.472038
-0.763164,0.437422
-0.785379,0.402027
-0.806246,0.365914
-0.825742,0.329146
-0.843853,0.291793
-0.860579,0.253931
-0.875944,0.215657
-0.890020,0.177099
-0.902968,0.138451
-0.915112,0.100040
-0.927055,0.062427
-0.939812,0.026552
-0.954868,-0.006158
-0.973978,-0.033829
-0.998511,-0.054555
0.038491,0.999259
0.015174,0.979167
-0.015630,0.964797
-0.051025,0.953638
-0.088736,0.943564
-0.127418,0.933266
-0.166373,0.922070
-0.205248,0.909657
-0.243848,0.895889
-0.282047,0.880709
-0.319753,0.864103
-0.356886,0.846075
-0.393376,0.826642
-0.429158,0.805827
-0.464170,0.783660
-0.498352,0.760173
-0.531648,0.735403
-0.564003,0.709387
-0.595364,0.682166
-0.625682,0.653785
-0.654908,0.624288
-0.682996,0.593722
-0.709903,0.562137
-0.735585,0.529584
-0.760005,0.496116
-0.783126,0.461786
-0.804913,0.426652
-0.825337,0.390772
-0.844371,0.354208
-0.861995,0.317023
-0.878198,0.279287
-0.892985,0.241081
-0.906386,0.202501
-0.918488,0.163684
-0.929485,0.124849
-0.939781,0.086387
-0.950169,0.049040
-0.962063,0.014163
-0.977625,-0.016002
-0.999259,-0.038491
0.024155,0.999708
-0.002004,0.983349
-0.036005,0.973005
-0.073532,0.964808
-0.112375,0.956667
-0.151585,0.947659
-0.190750,0.937404
-0.229670,0.925752
-0.268226,0.912648
-0.306327,0.898075
-0.343896,0.882038
-0.380866,0.864553
-0.417170,0.845641
-0.452747,0.825328
-0.487537,0.803645
-0.521482,0.780625
-0.554527,0.756303
-0.586618,0.730718
-0.617703,0.703911
-0.647732,0.675924
-0.676658,0.646803
-0.704435,0.616594
-0.731018,0.585345
-0.756366,0.553108
-0.780440,0.519933
-0.803202,0.485876
-0.824618,0.450991
-0.844656,0.415336
-0.863288,0.378970
-0.880490,0.341955
-0.896244,0.304355
-0.910539,0.266240
-0.923381,0.227688
-0.934802,0.188796
-0.944889,0.149697
-0.953851,0.110621
-0.962158,0.072019
-0.970848,0.034879
-0.982100,0.001397
-0.999708,-0.024155
0.011376,0.999935
-0.019819,0.989288
-0.057432,0.983358
-0.096642,0.977654
-0.136191,0.970974
-0.175678,0.962950
-0.214930,0.953458
-0.253844,0.942459
-0.292340,0.929946
-0.330345,0.915927
-0.367795,0.900416
-0.404624,0.883434
-0.440771,0.865006
-0.476176,0.845160
-0.510782,0.823927
-0.544530,0.801340
-0.577368,0.777435
-0.609240,0.752250
-0.640097,0.725826
-0.669887,0.698204
-0.698564,0.669430
-0.726082,0.639550
-0.752396,0.608611
-0.777464,0.576665
-0.801247,0.543762
-0.823706,0.509955
-0.844808,0.475301
-0.864519,0.439855
-0.882808,0.403675
-0.899650,0.366820
-0.915021,0.329353
-0.928902,0.291338
-0.941281,0.252841
-0.952157,0.213935
-0.961549,0.174707
-0.969520,0.135270
-0.976234,0.095818
-0.982133,0.056788
-0.988524,0.019470
-0.999935,-0.011376
-0.000000,1.000000
-0.040266,0.999189
-0.080467,0.996757
-0.120537,0.992709
-0.160411,0.987050
-0.200026,0.979791
-0.239316,0.970942
-0.278218,0.960518
-0.316668,0.948536
-0.354605,0.935016
-0.391967,0.919979
-0.428693,0.903450
-0.464723,0.885456
-0.500000,0.866025
-0.534466,0.845190
-0.568065,0.822984
-0.600742,0.799443
-0.632445,0.774605
-0.663123,0.748511
-0.692724,0.721202
-0.721202,0.692724
-0.748511,0.663123
-0.774605,0.632445
-0.799443,0.600742
-0.822984,0.568065
-0.845190,0.534466
-0.866025,0.500000
-0.885456,0.464723
-0.903450,0.428692
-0.919979,0.391967
-0.935016,0.354605
-0.948536,0.316668
-0.960518,0.278217
-0.970942,0.239315
-0.979791,0.200026
-0.987050,0.160411
-0.992709,0.120537
-0.996757,0.080467
-0.999189,0.040266
-1.000000,-0.000000
2.422634
2.037332
1.693315
2.643083
3.545461
2.680737
0.815788
0.072285
0.621258
0.545688
-0.918080
-2.020625
-1.233679
0.340970
0.782920
0.448735
1.339237
3.766781
5.726088
5.996627
5.963612
7.220657
8.848237
8.786230
7.087323
5.789821
5.619860
4.864092
2.235741
-0.912945
-2.623194
-3.326507
-4.964911
-7.671826
-9.400496
-9.112396
-8.370998
-8.765798
-9.340647
-8.190074
2.763947
2.485489
3.231303
4.530821
4.613274
3.076173
1.559871
1.421801
1.847146
1.184846
-0.481161
-1.345239
-0.467419
0.891129
1.158172
0.763693
1.450023
3.604715
5.574086
5.983063
5.634461
6.184666
7.568498
7.998270
6.546592
4.492199
3.437986
2.989528
1.430509
-1.611430
-4.466237
-5.735209
-6.200137
-7.510701
-9.605590
-10.697472
-9.851410
-8.341353
-7.776737
-7.773364
3.117879
3.806279
5.259424
6.039399
5.157037
3.450335
2.532489
2.719133
2.716994
1.483717
-0.254809
-0.881726
0.011904
1.126045
1.219002
0.762239
1.256004
3.130992
5.067255
5.655329
5.172403
5.091989
5.996789
6.713310
5.840300
3.618023
1.623984
0.704283
-0.077518
-2.064528
-5.063797
-7.461554
-8.251381
-8.254913
-8.901125
-10.215808
-10.734197
-9.458083
-7.223464
-5.635614
4.279885
5.847618
7.081373
6.846376
5.361372
3.981038
3.624945
3.754543
3.132712
1.434910
-0.253367
-0.665145
0.178309
1.035999
0.967463
0.457674
0.782003
2.386206
4.254533
5.040679
4.596540
4.051004
4.351511
5.046896
4.795511
2.985443
0.500862
-1.297032
-2.140227
-3.073901
-5.066279
-7.704955
-9.571925
-9.850915
-9.223383
-8.972047
-9.385641
-9.404941
-7.940240
-5.258232
6.314364
7.854618
8.127185
7.023776
5.534102
4.719564
4.631577
4.343655
3.055279
1.060611
-0.478083
-0.713369
0.027050
0.632729
0.426690
-0.116270
0.072122
1.428896
3.204555
4.187156
3.926639
3.137051
2.847023
3.227745
3.376595
2.294548
-0.003430
-2.452466
-4.018624
-4.727462
-5.529554
-7.156675
-9.219287
-10.533642
-10.330270
-9.036811
-7.788846
-7.202161
-6.740030
-5.360502
8.417725
9.042237
8.316090
6.949047
5.910125
5.543394
5.304697
4.367290
2.506818
0.406570
-0.917724
-1.025940
-0.425260
-0.051357
-0.360621
-0.907665
-0.813173
0.331863
2.001155
3.161126
3.186401
2.387993
1.651873
1.541336
1.731529
1.323035
-0.266898
-2.695000
-4.954398
-6.260871
-6.715531
-7.112591
-8.084327
-9.413345
-10.180353
-9.609969
-7.803318
-5.653402
-4.024161
-2.981240
9.618287
9.196576
8.065830
7.030234
6.499304
6.189851
5.428974
3.797191
1.562756
-0.465708
-1.549702
-1.584129
-1.141919
-0.965325
-1.335037
-1.849818
-1.801029
-0.822455
0.737884
2.043317
2.406727
1.808146
0.859875
0.253093
0.156634
0.077549
-0.698579
-2.460909
-4.769425
-6.754825
-7.774187
-7.874516
-7.678669
-7.795746
-8.258946
-8.469556
-7.696853
-5.712518
-3.022891
-0.500424
9.643891
8.800998
7.944875
7.419931
7.060381
6.357325
4.890001
2.701030
0.335916
-1.487337
-2.341607
-2.352215
-2.068702
-2.043065
-2.424292
-2.865671
-2.811012
-1.947246
-0.488089
0.923570
1.628044
1.378988
0.480837
-0.463409
-1.006793
-1.181249
-1.452377
-2.340711
-3.989494
-5.999209
-7.654613
-8.383080
-8.113779
-7.279484
-6.463755
-5.954872
-5.534933
-4.658935
-2.891747
-0.280664
9.126252
8.584120
8.224939
7.899113
7.216022
5.830942
3.713466
1.225523
-1.044140
-2.589781
-3.253024
-3.279878
-3.137568
-3.207622
-3.548038
-3.872876
-3.760412
-2.956897
-1.582310
-0.105350
0.900885
1.073659
0.452419
-0.569445
-1.500692
-2.054940
-2.310737
-2.630181
-3.389469
-4.693352
-6.256139
-7.527982
-7.991582
-7.447464
-6.112493
-4.472313
-2.981386
-1.798516
-0.722358
0.634928
8.949062
8.874320
8.663465
8.004927
6.649225
4.578397
2.061273
-0.437819
-2.452390
-3.710956
-4.237555
-4.305550
-4.271237
-4.376238
-4.623129
-4.789216
-4.569704
-3.772507
-2.459192
-0.954469
0.284205
0.871547
0.668890
-0.161424
-1.248837
-2.205060
-2.812276
-3.111197
-3.344726
-3.789659
-4.568334
-5.542881
-6.351163
-6.568565
-5.912940
-4.386510
-2.280888
-0.042456
1.932042
3.463977
9.370394
9.307951
8.676576
7.323078
5.277794
2.774160
0.185640
-2.095266
-3.786202
-4.799047
-5.244974
-5.360508
-5.388358
-5.465766
-5.569080
-5.538027
-5.167805
-4.326992
-3.047582
-1.545319
-0.158720
0.769322
1.018134
0.570779
-0.383853
-1.528920
-2.544004
-3.223029
-3.536227
-3.611482
-3.645764
-3.787923
-4.046434
-4.264595
-4.175861
-3.516508
-2.147218
-0.130482
2.270810
4.674651
9.766204
9.138666
7.776174
5.761626
3.314524
0.740869
-1.643410
-3.590720
-4.976578
-5.813848
-6.223452
-6.373431
-6.408907
-6.398105
-6.313366
-6.053245
-5.496796
-4.569441
-3.295393
-1.816155
-0.366491
0.785699
1.416194
1.412305
0.808716
-0.221055
-1.414967
-2.497856
-3.256873
-3.592306
-3.527974
-3.179630
-2.694445
-2.184569
-1.679411
-1.114274
-0.359625
0.719515
2.195775
4.028335
9.242436
7.886453
5.950576
3.633876
1.180303
-1.167712
-3.212773
-4.832755
-5.991085
-6.725804
-7.121823
-7.275116
-7.259475
-7.105299
-6.796190
-6.283773
-5.515777
-4.468455
-3.172998
-1.727131
-0.287177
0.958658
1.829631
2.194481
2.005085
1.312553
0.261004
-0.940006
-2.057909
-2.884042
-3.273653
-3.169478
-2.603833
-1.679872
-0.538073
0.682255
1.875720
2.989116
4.020885
5.002942
7.525609
5.776997
3.708494
1.496844
-0.685718
-2.692774
-4.418283
-5.802432
-6.828641
-7.513389
-7.891851
-8.003054
-7.878083
-7.533972
-6.974427
-6.196862
-5.203621
-4.014231
-2.675161
-1.264016
0.113716
1.335636
2.279585
2.843985
2.967420
2.643394
1.926941
0.931185
-0.186181
-1.244563
-2.066783
-2.505544
-2.465471
-1.916929
-0.899312
0.486544
2.095210
3.759485
5.314973
6.621996
5.272415
3.598057
1.751867
-0.155838
-2.020961
-3.752570
-5.277258
-6.540875
-7.507976
-8.159637
-8.490455
-8.505548
-8.218234
-7.648804
-6.824478
-5.780298
-4.560445
-3.219277
-1.821390
-0.440079
0.846123
1.958837
2.826768
3.393429
3.624636
3.514656
3.089899
2.409304
1.560938
0.654805
-0.187608
-0.846012
-1.214847
-1.216039
-0.809382
0.000863
1.164123
2.586863
4.140921
5.676004
3.497196
2.091115
0.514153
-1.157006
-2.839006
-4.446806
-5.898715
-7.121161
-8.052959
-8.648807
-8.881842
-8.745116
-8.251902
-7.434823
-6.343846
-5.043243
-3.607687
-2.117696
-0.654685
0.704076
1.890308
2.849037
3.542108
3.950631
4.076162
3.940505
3.584082
3.062946
2.444589
1.802808
1.211953
0.740984
0.447751
0.373960
0.541235
0.948635
1.571874
2.364399
3.260307
4.178957
2.664692
1.388433
-0.101296
-1.723359
-3.383979
-4.983436
-6.423254
-7.613336
-8.478521
-8.964039
-9.039478
-8.700951
-7.971305
-6.898363
-5.551336
-4.015680
-2.386802
-0.763083
0.761234
2.102763
3.194789
3.991733
4.471948
4.638634
4.518821
4.160514
3.628226
2.997273
2.347274
1.755372
1.289722
1.003742
0.931609
1.085325
1.453614
2.002734
2.679132
3.413762
4.127719
4.738746
2.317120
0.966860
-0.594823
-2.274272
-3.966266
-5.561618
-6.955105
-8.053155
-8.780697
-9.086675
-8.947800
-8.370268
-7.389313
-6.066629
-4.485861
-2.746500
-0.956646
0.774815
2.346039
3.669462
4.677909
5.329122
5.608370
5.528958
5.130591
4.475753
3.644361
2.727130
1.818143
1.007223
0.372674
-0.025038
-0.148180
0.015159
0.450025
1.115682
1.948746
2.868142
3.781494
4.592475
1.589817
0.153158
-1.452201
-3.128421
-4.768386
-6.263449
-7.511376
-8.423897
-8.933296
-8.997542
-8.603570
-7.768474
-6.538493
-4.985892
-3.203935
-1.300346
0.610269
2.414484
4.007983
5.302787
6.233239
6.760312
6.873912
6.593040
5.963789
5.055351
3.954347
2.757907
1.566041
0.473884
-0.435608
-1.097942
-1.471878
-1.542378
-1.321478
-0.847027
-0.179408
0.603532
1.412909
2.156132
0.114053
-1.250090
-2.744103
-4.270765
-5.725263
-7.002952
-8.007215
-8.656812
-8.892164
-8.680108
-8.016737
-6.928122
-5.468843
-3.718438
-1.776013
0.246564
2.232419
4.067774
5.649815
6.893734
7.738437
8.150488
8.126018
7.690450
6.896084
5.817730
4.546728
3.183809
1.831347
0.585590
-0.470545
-1.273575
-1.783970
-1.988791
-1.902208
-1.563911
-1.035514
-0.395243
0.268668
0.865372
-1.566864
-2.750385
-4.039461
-5.337925
-6.543483
-7.555484
-8.282673
-8.650323
-8.606219
-8.125024
-7.210695
-5.896752
-4.244379
-2.338470
-0.281929
1.811379
3.824489
5.645448
7.175059
8.333698
9.066696
9.347895
9.181117
8.599438
7.662352
6.451015
5.061963
3.599756
2.169128
0.867220
-0.223515
-1.041205
-1.548798
-1.736363
-1.621255
-1.246170
-0.675233
0.011567
0.725157
1.374854
-2.472839
-3.546907
-4.698406
-5.832655
-6.850343
-7.655276
-8.161999
-8.302697
-8.032854
-7.335227
-6.221825
-4.733736
-2.938789
-0.927230
1.194295
3.309986
5.302852
7.062798
8.494226
9.522608
10.099529
10.205839
9.852683
9.080335
7.954936
6.563378
5.006729
3.392701
1.827708
0.409138
-0.781608
-1.684771
-2.266182
-2.519206
-2.464539
-2.147914
-1.635869
-1.009935
-0.359691
0.224776
-2.099069
-3.187736
-4.331755
-5.433971
-6.394531
-7.118693
-7.524376
-7.548870
-7.154180
-6.330604
-5.098248
-3.506353
-1.630468
0.432341
2.569896
4.662466
6.590934
8.244966
9.530582
10.376586
10.739370
10.605755
9.993654
8.950524
7.549720
5.885045
4.063882
2.199448
0.402734
-1.225274
-2.600499
-3.661316
-4.372324
-4.726080
-4.742688
-4.467289
-3.965679
-3.318388
-2.613699
-1.940158
-0.888773
-1.948793
-3.091210
-4.208853
-5.192426
-5.939094
-6.360662
-6.390726
-5.990259
-5.151196
-3.897755
-2.285355
-0.397231
1.661049
3.768744
5.798273
7.624116
9.131619
10.225072
10.834470
10.920446
10.477047
9.532115
8.145282
6.403709
4.415891
2.303986
0.195234
-1.786914
-3.531291
-4.946541
-5.967107
-6.557276
-6.712987
-6.461296
-5.857553
-4.980526
-3.925849
-2.798310
-1.703545
0.187790
-0.614604
-1.577420
-2.592258
-3.542024
-4.311058
-4.795305
-4.911702
-4.605955
-3.858043
-2.684943
-1.140307
0.688910
2.688649
4.726283
6.660806
8.353861
9.680688
10.540108
10.862708
10.616542
9.809877
8.490754
6.743389
4.681703
2.440525
0.165182
-1.999678
-3.921101
-5.487794
-6.618249
-7.266362
-7.424136
-7.121264
-6.421683
-5.417413
-4.220233
-2.951906
-1.733790
-0.676694
0.543048
0.154890
-0.431930
-1.146498
-1.895670
-2.572022
-3.064499
-3.270682
-3.109250
-2.531108
-1.527656
-0.135017
1.566582
3.458458
5.393711
7.211065
8.750791
9.870928
10.461955
10.458190
9.844622
8.658390
6.984789
4.948328
2.699956
0.401975
-1.787562
-3.729240
-5.313885
-6.470268
-7.168311
-7.417777
-7.262984
-6.774540
-6.039362
-5.150351
-4.197002
-3.257936
-2.395991
-1.656037
0.496261
0.338610
0.090319
-0.248521
-0.656650
-1.084981
-1.456816
-1.675788
-1.640615
-1.264130
-0.492901
0.676635
2.189173
3.931078
5.741131
7.430158
8.806514
9.703141
10.001579
9.648768
8.663803
7.133620
5.198635
3.031114
0.810335
-1.301026
-3.175264
-4.729997
-5.929427
-6.777307
-7.304032
-7.551327
-7.558248
-7.351717
-6.943529
-6.334188
-5.522207
-4.516187
-3.346225
-2.071272
0.910124
0.518193
0.257754
0.101756
-0.004502
-0.111321
-0.235591
-0.344105
-0.354862
-0.156736
0.357537
1.254219
2.527956
4.086991
5.759468
7.320495
8.534084
9.199974
9.193894
8.491416
7.169718
5.387289
3.347229
1.253883
-0.726052
-2.488354
-3.996636
-5.268324
-6.346737
-7.268517
-8.036751
-8.608283
-8.899457
-8.809055
-8.252011
-7.194125
-5.677302
-3.827165
-1.839479
0.052429
2.293454
1.325503
0.611354
0.234982
0.161439
0.272948
0.431268
0.542696
0.601471
0.695420
0.971480
1.573365
2.574023
3.927837
5.461022
6.905589
7.967064
8.404325
8.095459
7.068127
5.484918
3.589408
1.631830
-0.200163
-1.822533
-3.254909
-4.581640
-5.889672
-7.207296
-8.467352
-9.509643
-10.123144
-10.114124
-9.376611
-7.940239
-5.977817
-3.768616
-1.628450
0.170983
1.467398
4.238359
2.844498
1.513464
0.559936
0.133040
0.183100
0.510885
0.875630
1.113118
1.211335
1.310423
1.627309
2.338890
3.476318
4.878627
6.228480
7.157254
7.376460
6.780780
5.479871
3.746433
1.903763
0.201502
-1.267303
-2.573407
-3.881913
-5.339010
-6.967011
-8.616222
-9.997271
-10.782122
-10.731604
-9.795024
-8.138833
-6.091353
-4.026321
-2.233971
-0.833264
0.239326
1.162492
