40,30
1.000000,0.000000
0.999189,-0.040266
0.996757,-0.080466
0.992709,-0.120537
0.987050,-0.160411
0.979791,-0.200025
0.970942,-0.239316
0.960518,-0.278218
0.948537,-0.316668
0.935016,-0.354605
0.919980,-0.391966
0.903450,-0.428692
0.885456,-0.464723
0.866026,-0.500000
0.845190,-0.534466
0.822984,-0.568065
0.799443,-0.600742
0.774605,-0.632445
0.748511,-0.663122
0.721203,-0.692724
0.692724,-0.721202
0.663123,-0.748511
0.632445,-0.774605
0.600742,-0.799443
0.568065,-0.822984
0.534466,-0.845190
0.500000,-0.866025
0.464723,-0.885456
0.428693,-0.903450
0.391966,-0.919980
0.354605,-0.935016
0.316668,-0.948536
0.278217,-0.960518
0.239316,-0.970942
0.200026,-0.979791
0.160411,-0.987050
0.120537,-0.992709
0.080466,-0.996757
0.040266,-0.999189
0.000000,-1.000000
0.994735,0.102485
0.966756,0.060240
0.946615,0.019260
0.930275,-0.020954
0.915671,-0.060623
0.901647,-0.099837
0.887524,-0.138623
0.872886,-0.176969
0.857474,-0.214847
0.841124,-0.252217
0.823733,-0.289033
0.805234,-0.325247
0.785591,-0.360811
0.764784,-0.395673
0.742807,-0.429785
0.719666,-0.463098
0.695373,-0.495566
0.669948,-0.527143
0.643413,-0.557787
0.615799,-0.587454
0.587138,-0.616109
0.557465,-0.643714
0.526819,-0.670237
0.495242,-0.695651
0.462777,-0.719930
0.429469,-0.743055
0.395366,-0.765015
0.360515,-0.785805
0.324967,-0.805431
0.288771,-0.823912
0.251977,-0.841286
0.214633,-0.857618
0.176785,-0.873012
0.138471,-0.887633
0.099723,-0.901739
0.060548,-0.915745
0.020922,-0.930328
-0.019251,-0.946641
-0.060202,-0.966749
-0.102485,-0.994735
0.979153,0.203125
0.944010,0.158939
0.914195,0.116570
0.888499,0.075473
0.865611,0.035297
0.844484,-0.004168
0.824336,-0.043037
0.804598,-0.081367
0.784860,-0.119175
0.764826,-0.156454
0.744284,-0.193185
0.723081,-0.229338
0.701110,-0.264877
0.678295,-0.299765
0.654587,-0.333964
0.629954,-0.367434
0.604378,-0.400137
0.577856,-0.432037
0.550390,-0.463101
0.521994,-0.493296
0.492684,-0.522597
0.462484,-0.550981
0.431422,-0.578429
0.399529,-0.604931
0.366839,-0.630483
0.333389,-0.655090
0.299216,-0.678769
0.264360,-0.701553
0.228860,-0.723492
0.192754,-0.744661
0.156077,-0.765169
0.118858,-0.785167
0.081118,-0.804868
0.042862,-0.824568
0.004069,-0.844674
-0.035318,-0.865754
-0.075421,-0.888587
-0.116463,-0.914222
-0.158820,-0.943982
-0.203124,-0.979153
0.953880,0.300188
0.915997,0.254306
0.881845,0.210611
0.850903,0.168532
0.822519,0.127661
0.796040,0.087719
0.770888,0.048525
0.746577,0.009970
0.722716,-0.028009
0.698993,-0.065440
0.675165,-0.102327
0.651043,-0.138663
0.626480,-0.174428
0.601367,-0.209597
0.575621,-0.244143
0.549183,-0.278036
0.522012,-0.311248
0.494083,-0.343752
0.465380,-0.375523
0.435900,-0.406540
0.405647,-0.436788
0.374633,-0.466256
0.342873,-0.494940
0.310390,-0.522844
0.277209,-0.549984
0.243356,-0.576387
0.208861,-0.602093
0.173754,-0.627163
0.138062,-0.651679
0.101809,-0.675752
0.065015,-0.699526
0.027687,-0.723192
-0.010182,-0.746992
-0.048623,-0.771235
-0.087701,-0.796314
-0.127536,-0.822711
-0.168321,-0.851008
-0.210355,-0.881864
-0.254084,-0.915955
-0.300187,-0.953880
0.919898,0.392157
0.880980,0.344887
0.844854,0.300115
0.811158,0.257225
0.779502,0.215761
0.749486,0.175396
0.720723,0.135900
0.692864,0.097119
0.665603,0.058951
0.638676,0.021338
0.611866,-0.015751
0.584991,-0.052328
0.557905,-0.088389
0.530488,-0.123922
0.502649,-0.158911
0.474316,-0.193336
0.445435,-0.227176
0.415968,-0.260411
0.385889,-0.293026
0.355183,-0.325008
0.323846,-0.356348
0.291879,-0.387045
0.259291,-0.417106
0.226095,-0.446546
0.192310,-0.475391
0.157954,-0.503681
0.123049,-0.531470
0.087613,-0.558830
0.051665,-0.585855
0.015215,-0.612661
-0.021735,-0.639397
-0.059200,-0.666242
-0.097213,-0.693415
-0.135839,-0.721177
-0.175188,-0.749834
-0.215427,-0.779740
-0.256804,-0.811284
-0.299677,-0.844880
-0.344548,-0.880942
-0.392157,-0.919898
0.878463,0.477810
0.839486,0.429499
0.802608,0.383965
0.767552,0.340535
0.734047,0.298710
0.701825,0.258119
0.670626,0.218489
0.640208,0.179629
0.610351,0.141404
0.580856,0.103725
0.551552,0.066534
0.522289,0.029803
0.492942,-0.006483
0.463406,-0.042326
0.433594,-0.077718
0.403439,-0.112647
0.372887,-0.147102
0.341897,-0.181067
0.310442,-0.214532
0.278502,-0.247489
0.246070,-0.279934
0.213142,-0.311872
0.179723,-0.343311
0.145822,-0.374272
0.111451,-0.404784
0.076623,-0.434888
0.041354,-0.464638
0.005652,-0.494105
-0.030475,-0.523373
-0.067031,-0.552549
-0.104033,-0.581758
-0.141515,-0.611148
-0.179541,-0.640891
-0.218208,-0.671186
-0.257664,-0.702255
-0.298119,-0.734345
-0.339870,-0.767722
-0.383323,-0.802667
-0.429036,-0.839472
-0.477810,-0.878463
0.831011,0.556256
0.792614,0.507284
0.755726,0.461327
0.720146,0.417666
0.685683,0.375758
0.652151,0.335195
0.619372,0.295670
0.587181,0.256954
0.555424,0.218881
0.523963,0.181334
0.492671,0.144232
0.461441,0.107523
0.430177,0.071176
0.398798,0.035177
0.367237,-0.000478
0.335439,-0.035787
0.303360,-0.070741
0.270969,-0.105332
0.238241,-0.139552
0.205162,-0.173393
0.171725,-0.206854
0.137928,-0.239936
0.103777,-0.272650
0.069277,-0.305011
0.034438,-0.337043
-0.000729,-0.368782
-0.036219,-0.400272
-0.072029,-0.431568
-0.108165,-0.462738
-0.144646,-0.493864
-0.181507,-0.525041
-0.218807,-0.556379
-0.256635,-0.588002
-0.295123,-0.620052
-0.334454,-0.652684
-0.374877,-0.686070
-0.416731,-0.720393
-0.460468,-0.755849
-0.506692,-0.792646
-0.556256,-0.831011
0.779053,0.626958
0.741667,0.577711
0.705249,0.531677
0.669678,0.488098
0.634831,0.446398
0.600586,0.406135
0.566825,0.366972
0.533438,0.328648
0.500326,0.290968
0.467397,0.253788
0.434568,0.217003
0.401769,0.180539
0.368938,0.144347
0.336021,0.108399
0.302975,0.072678
0.269766,0.037180
0.236368,0.001905
0.202760,-0.033139
0.168932,-0.067947
0.134878,-0.102510
0.100598,-0.136823
0.066095,-0.170886
0.031377,-0.204700
-0.003547,-0.238273
-0.038671,-0.271619
-0.073987,-0.304760
-0.109495,-0.337723
-0.145203,-0.370545
-0.181129,-0.403270
-0.217307,-0.435952
-0.253795,-0.468653
-0.290675,-0.501446
-0.328066,-0.534413
-0.366127,-0.567648
-0.405078,-0.601253
-0.445202,-0.635343
-0.486877,-0.670039
-0.530591,-0.705470
-0.576989,-0.741766
-0.626958,-0.779053
0.724087,0.689709
0.687990,0.640564
0.652353,0.594787
0.617137,0.551593
0.582282,0.510381
0.547722,0.470683
0.513390,0.432134
0.479222,0.394448
0.445160,0.357403
0.411153,0.320828
0.377156,0.284594
0.343133,0.248608
0.309052,0.212801
0.274889,0.177130
0.240629,0.141566
0.206258,0.106095
0.171770,0.070713
0.137165,0.035423
0.102446,0.000232
0.067620,-0.034850
0.032697,-0.069814
-0.002312,-0.104651
-0.037393,-0.139354
-0.072536,-0.173918
-0.107731,-0.208345
-0.142977,-0.242638
-0.178280,-0.276806
-0.213655,-0.310863
-0.249137,-0.344829
-0.284777,-0.378727
-0.320653,-0.412591
-0.356872,-0.446457
-0.393582,-0.480371
-0.430972,-0.514385
-0.469291,-0.548558
-0.508856,-0.582957
-0.550076,-0.617650
-0.593471,-0.652704
-0.639713,-0.688175
-0.689709,-0.724087
0.667516,0.744595
0.632872,0.695904
0.598208,0.650694
0.563565,0.608166
0.528946,0.567700
0.494337,0.528811
0.459716,0.491109
0.425057,0.454287
0.390341,0.418099
0.355551,0.382350
0.320676,0.346888
0.285709,0.311599
0.250651,0.276397
0.215505,0.241221
0.180280,0.206031
0.144988,0.170804
0.109644,0.135531
0.074266,0.100211
0.038875,0.064851
0.003492,0.029464
-0.031862,-0.005934
-0.067165,-0.041326
-0.102397,-0.076695
-0.137544,-0.112023
-0.172597,-0.147296
-0.207556,-0.182499
-0.242433,-0.217622
-0.277255,-0.252655
-0.312070,-0.287592
-0.346948,-0.322431
-0.381988,-0.357175
-0.417323,-0.391827
-0.453126,-0.426401
-0.489616,-0.460911
-0.527071,-0.495377
-0.565837,-0.529823
-0.606348,-0.564267
-0.649147,-0.598719
-0.694926,-0.633160
-0.744595,-0.667516
0.610596,0.791943
0.577479,0.744018
0.543892,0.699653
0.509951,0.658040
0.475722,0.618550
0.441237,0.580683
0.406514,0.544034
0.371567,0.508275
0.336409,0.473138
0.301054,0.438406
0.265522,0.403908
0.229837,0.369508
0.194026,0.335102
0.158120,0.300615
0.122153,0.265994
0.086159,0.231208
0.050176,0.196241
0.014239,0.161090
-0.021613,0.125765
-0.057346,0.090279
-0.092924,0.054656
-0.128319,0.018920
-0.163502,-0.016900
-0.198456,-0.052775
-0.233170,-0.088674
-0.267647,-0.124566
-0.301904,-0.160421
-0.335979,-0.196208
-0.369933,-0.231897
-0.403853,-0.267458
-0.437862,-0.302866
-0.472116,-0.338096
-0.506814,-0.373125
-0.542204,-0.407937
-0.578589,-0.442513
-0.616342,-0.476836
-0.655918,-0.510877
-0.697876,-0.544589
-0.742918,-0.577885
-0.791943,-0.610596
0.554395,0.832254
0.522817,0.785368
0.490345,0.742085
0.457173,0.701600
0.423420,0.663280
0.389165,0.626618
0.354464,0.591194
0.319365,0.556663
0.283912,0.522738
0.248150,0.489184
0.212128,0.455806
0.175898,0.422450
0.139514,0.388996
0.103034,0.355355
0.066514,0.321463
0.030012,0.287280
-0.006417,0.252786
-0.042718,0.217977
-0.078840,0.182862
-0.114733,0.147461
-0.150352,0.111799
-0.185659,0.075911
-0.220619,0.039833
-0.255211,0.003607
-0.289422,-0.032722
-0.323257,-0.069110
-0.356736,-0.105508
-0.389907,-0.141864
-0.422843,-0.178126
-0.455649,-0.214240
-0.488465,-0.250152
-0.521475,-0.285808
-0.554903,-0.321154
-0.589024,-0.356137
-0.624166,-0.390706
-0.660725,-0.424801
-0.699173,-0.458350
-0.740080,-0.491253
-0.784148,-0.523353
-0.832254,-0.554395
0.499784,0.866150
0.469707,0.820527
0.438345,0.778524
0.405961,0.739341
0.372726,0.702352
0.338759,0.667041
0.304154,0.632981
0.268988,0.599811
0.233338,0.567227
0.197278,0.534972
0.160886,0.502834
0.124242,0.470641
0.087427,0.438256
0.050524,0.405578
0.013611,0.372534
-0.023236,0.339078
-0.059942,0.305187
-0.096439,0.270855
-0.132662,0.236094
-0.168552,0.200926
-0.204055,0.165383
-0.239124,0.129505
-0.273720,0.093336
-0.307816,0.056929
-0.341398,0.020336
-0.374470,-0.016382
-0.407056,-0.053162
-0.439209,-0.089937
-0.471013,-0.126632
-0.502586,-0.163171
-0.534090,-0.199471
-0.565730,-0.235448
-0.597757,-0.271018
-0.630473,-0.306094
-0.664231,-0.340586
-0.699448,-0.374398
-0.736609,-0.407413
-0.776293,-0.439481
-0.819191,-0.470384
-0.866150,-0.499784
0.447433,0.894317
0.418788,0.850134
0.388498,0.809566
0.356889,0.771825
0.324178,0.736290
0.290523,0.702447
0.256047,0.669859
0.220862,0.638151
0.185071,0.607003
0.148782,0.576138
0.112102,0.545325
0.075139,0.514374
0.038003,0.483137
0.000798,0.451500
-0.036377,0.419383
-0.073429,0.386738
-0.110269,0.353539
-0.146818,0.319784
-0.183002,0.285483
-0.218752,0.250665
-0.254010,0.215365
-0.288722,0.179629
-0.322845,0.143507
-0.356348,0.107058
-0.389214,0.070343
-0.421443,0.033431
-0.453063,-0.003601
-0.484127,-0.040673
-0.514726,-0.077692
-0.544991,-0.114558
-0.575100,-0.151165
-0.605281,-0.187398
-0.635811,-0.223138
-0.667017,-0.258263
-0.699282,-0.292648
-0.733040,-0.326157
-0.768791,-0.358633
-0.807113,-0.389876
-0.848686,-0.419613
-0.894317,-0.447433
0.397828,0.917460
0.370525,0.874851
0.341247,0.835834
0.310377,0.799638
0.278171,0.765652
0.244818,0.733364
0.210475,0.702329
0.175280,0.672159
0.139371,0.642514
0.102887,0.613100
0.065969,0.583665
0.028755,0.554004
-0.008620,0.523956
-0.046031,0.493400
-0.083359,0.462253
-0.120498,0.430465
-0.157352,0.398013
-0.193832,0.364897
-0.229859,0.331131
-0.265360,0.296747
-0.300272,0.261784
-0.334537,0.226292
-0.368110,0.190325
-0.400954,0.153947
-0.433050,0.117224
-0.464395,0.080231
-0.495012,0.043053
-0.524956,0.005782
-0.554319,-0.031476
-0.583239,-0.068602
-0.611909,-0.105463
-0.640575,-0.141914
-0.669541,-0.177802
-0.699165,-0.212967
-0.729853,-0.247244
-0.762064,-0.280460
-0.796309,-0.312418
-0.833164,-0.342873
-0.873294,-0.371500
-0.917460,-0.397828
0.351288,0.936267
0.325226,0.895327
0.296886,0.857944
0.266698,0.823367
0.234954,0.790999
0.201869,0.760329
0.167627,0.730908
0.132401,0.702331
0.096364,0.674236
0.059691,0.646308
0.022560,0.618276
-0.014861,0.589920
-0.052410,0.561070
-0.089944,0.531603
-0.127334,0.501435
-0.164463,0.470520
-0.201229,0.438839
-0.237540,0.406396
-0.273316,0.373210
-0.308481,0.339315
-0.342969,0.304756
-0.376724,0.269583
-0.409694,0.233856
-0.441843,0.197637
-0.473144,0.160997
-0.503593,0.124015
-0.533206,0.086778
-0.562032,0.049386
-0.590162,0.011955
-0.617737,-0.025381
-0.644956,-0.062465
-0.672083,-0.099122
-0.699447,-0.135163
-0.727436,-0.170386
-0.756488,-0.204585
-0.787086,-0.237545
-0.819753,-0.269030
-0.855066,-0.298755
-0.893666,-0.326349
-0.936268,-0.351288
0.307993,0.951389
0.283064,0.912176
0.255575,0.876481
0.225999,0.843573
0.194648,0.812873
0.161765,0.783874
0.127563,0.756114
0.092251,0.729170
0.056047,0.702655
0.019170,0.676226
-0.018165,0.649595
-0.055758,0.622532
-0.093427,0.594861
-0.131016,0.566462
-0.168387,0.537256
-0.205421,0.507205
-0.242015,0.476295
-0.278078,0.444536
-0.313527,0.411952
-0.348290,0.378581
-0.382301,0.344469
-0.415501,0.309671
-0.447840,0.274243
-0.479277,0.238252
-0.509783,0.201768
-0.539346,0.164870
-0.567977,0.127646
-0.595717,0.090198
-0.622648,0.052647
-0.648906,0.015140
-0.674693,-0.022150
-0.700284,-0.059020
-0.726031,-0.095242
-0.752353,-0.130569
-0.779725,-0.164747
-0.808658,-0.197516
-0.839694,-0.228599
-0.873408,-0.257673
-0.910418,-0.284327
-0.951389,-0.307993
0.268010,0.963416
0.244099,0.925963
0.217366,0.891987
0.188308,0.860785
0.157256,0.831794
0.124475,0.804510
0.090215,0.778455
0.054736,0.753175
0.018308,0.728251
-0.018800,0.703315
-0.056334,0.678060
-0.094068,0.652250
-0.131807,0.625715
-0.169387,0.598341
-0.206670,0.570062
-0.243538,0.540847
-0.279891,0.510691
-0.315641,0.479611
-0.350708,0.447635
-0.385023,0.414805
-0.418519,0.381168
-0.451140,0.346778
-0.482836,0.311696
-0.513562,0.275983
-0.543287,0.239712
-0.571993,0.202957
-0.599683,0.165805
-0.626386,0.128357
-0.652174,0.090736
-0.677171,0.053089
-0.701573,0.015604
-0.725657,-0.021495
-0.749792,-0.057941
-0.774430,-0.093441
-0.800085,-0.127685
-0.827308,-0.160359
-0.856667,-0.191138
-0.888738,-0.219664
-0.924117,-0.245488
-0.963416,-0.268010
0.231314,0.972879
0.208306,0.937196
0.182217,0.904956
0.153558,0.875488
0.122673,0.848251
0.089857,0.822733
0.055413,0.798424
0.019665,0.774831
-0.017052,0.751493
-0.054415,0.728017
-0.092138,0.704087
-0.129979,0.679471
-0.167736,0.654010
-0.205247,0.627605
-0.242380,0.600203
-0.279024,0.571786
-0.315082,0.542357
-0.350472,0.511939
-0.385118,0.480567
-0.418954,0.448281
-0.451916,0.415133
-0.483948,0.381175
-0.515001,0.346467
-0.545030,0.311070
-0.573999,0.275053
-0.601888,0.238489
-0.628688,0.201461
-0.654419,0.164065
-0.679137,0.126417
-0.702948,0.088665
-0.726033,0.050998
-0.748662,0.013656
-0.771212,-0.023066
-0.794161,-0.058825
-0.818069,-0.093249
-0.843537,-0.125956
-0.871170,-0.156564
-0.901557,-0.184671
-0.935274,-0.209796
-0.972879,-0.231314
0.197815,0.980239
0.175585,0.946321
0.150009,0.915830
0.121596,0.888134
0.090705,0.862708
0.057679,0.839015
0.022899,0.816495
-0.013224,0.794597
-0.050283,0.772818
-0.087912,0.750745
-0.125802,0.728067
-0.163704,0.704567
-0.201427,0.680105
-0.238815,0.654602
-0.275746,0.628023
-0.312118,0.600360
-0.347842,0.571626
-0.382840,0.541849
-0.417042,0.511067
-0.450383,0.479323
-0.482804,0.446667
-0.514251,0.413153
-0.544673,0.378838
-0.574027,0.343783
-0.602275,0.308052
-0.629390,0.271717
-0.655359,0.234854
-0.680189,0.197554
-0.703918,0.159926
-0.726633,0.122107
-0.748490,0.084281
-0.769740,0.046690
-0.790753,0.009647
-0.812024,-0.026462
-0.834158,-0.061198
-0.857816,-0.094100
-0.883662,-0.124708
-0.912315,-0.152562
-0.944340,-0.177146
-0.980239,-0.197815
0.167373,0.985894
0.145788,0.953727
0.120561,0.925005
0.092194,0.899141
0.061075,0.875607
0.027633,0.853812
-0.007638,0.833116
-0.044227,0.812898
-0.081660,0.792621
-0.119540,0.771869
-0.157555,0.750351
-0.195470,0.727877
-0.233105,0.704334
-0.270322,0.679666
-0.307010,0.653854
-0.343077,0.626901
-0.378441,0.598828
-0.413030,0.569667
-0.446777,0.539458
-0.479622,0.508245
-0.511507,0.476079
-0.542381,0.443012
-0.572193,0.409101
-0.600901,0.374403
-0.628466,0.338982
-0.654857,0.302904
-0.680055,0.266242
-0.704056,0.229078
-0.726882,0.191513
-0.748599,0.153671
-0.769330,0.115720
-0.789298,0.077893
-0.808846,0.040503
-0.828471,0.003963
-0.848810,-0.031227
-0.870595,-0.064513
-0.894571,-0.095335
-0.921417,-0.123145
-0.951708,-0.147379
-0.985894,-0.167373
0.139817,0.990177
0.118722,0.959753
0.093637,0.932846
0.065054,0.908911
0.033440,0.887381
-0.000635,0.867560
-0.036534,0.848699
-0.073644,0.830113
-0.111445,0.811249
-0.149536,0.791714
-0.187624,0.771252
-0.225496,0.749710
-0.262997,0.727008
-0.300004,0.703110
-0.336421,0.678011
-0.372161,0.651725
-0.407153,0.624279
-0.441327,0.595708
-0.474622,0.566053
-0.506979,0.535359
-0.538344,0.503675
-0.568665,0.471053
-0.597896,0.437548
-0.625993,0.403217
-0.652916,0.368119
-0.678633,0.332319
-0.703119,0.295884
-0.726363,0.258892
-0.748372,0.221430
-0.769188,0.183611
-0.788906,0.145581
-0.807704,0.107551
-0.825888,0.069816
-0.843925,0.032791
-0.862466,-0.002980
-0.882309,-0.036856
-0.904305,-0.068146
-0.929235,-0.096177
-0.957721,-0.120299
-0.990177,-0.139817
0.114957,0.993370
0.094166,0.964695
0.068945,0.939696
0.039817,0.917842
0.007410,0.898451
-0.027501,0.880664
-0.064119,0.863612
-0.101753,0.846568
-0.139877,0.828999
-0.178118,0.810561
-0.216219,0.791049
-0.253999,0.770351
-0.291327,0.748415
-0.328097,0.725227
-0.364224,0.700793
-0.399630,0.675135
-0.434248,0.648284
-0.468013,0.620276
-0.500868,0.591153
-0.532755,0.560961
-0.563622,0.529748
-0.593420,0.497565
-0.622103,0.464464
-0.649627,0.430502
-0.675953,0.395736
-0.701046,0.360227
-0.724880,0.324039
-0.747434,0.287244
-0.768707,0.249922
-0.788720,0.212169
-0.807535,0.174112
-0.825289,0.135930
-0.842230,0.097884
-0.858773,0.060363
-0.875546,0.023915
-0.893387,-0.010745
-0.913265,-0.042790
-0.936117,-0.071368
-0.962680,-0.095677
-0.993370,-0.114958
0.092594,0.995704
0.071866,0.968821
0.046138,0.945902
0.016067,0.926342
-0.017434,0.909230
-0.053328,0.893495
-0.090683,0.878170
-0.128791,0.862536
-0.167163,0.846124
-0.205482,0.828660
-0.243539,0.809995
-0.281186,0.790059
-0.318314,0.768825
-0.354832,0.746294
-0.390663,0.722482
-0.425737,0.697416
-0.459990,0.671128
-0.493362,0.643657
-0.525796,0.615046
-0.557238,0.585337
-0.587638,0.554581
-0.616947,0.522825
-0.645119,0.490122
-0.672113,0.456526
-0.697888,0.422094
-0.722410,0.386883
-0.745648,0.350955
-0.767579,0.314378
-0.788190,0.277223
-0.807489,0.239575
-0.825511,0.201542
-0.842348,0.163270
-0.858187,0.124974
-0.873365,0.086991
-0.888445,0.049831
-0.904257,0.014231
-0.921866,-0.018864
-0.942414,-0.048379
-0.966858,-0.073262
-0.995704,-0.092594
0.072526,0.997367
0.051527,0.972395
0.024794,0.951843
-0.006665,0.934841
-0.041504,0.920113
-0.078434,0.906373
-0.116467,0.892630
-0.154950,0.878244
-0.193480,0.862844
-0.231809,0.846237
-0.269774,0.828330
-0.307260,0.809086
-0.344173,0.788498
-0.380435,0.766578
-0.415976,0.743348
-0.450730,0.718839
-0.484636,0.693086
-0.517638,0.666126
-0.549679,0.638002
-0.580708,0.608758
-0.610675,0.578441
-0.639533,0.547099
-0.667237,0.514784
-0.693745,0.481548
-0.719018,0.447446
-0.743020,0.412534
-0.765719,0.376873
-0.787088,0.340525
-0.807109,0.303558
-0.825776,0.266047
-0.843105,0.228082
-0.859149,0.189782
-0.874033,0.151314
-0.888007,0.112946
-0.901526,0.075110
-0.915341,0.038489
-0.930553,0.004086
-0.948512,-0.026805
-0.970524,-0.052762
-0.997367,-0.072526
0.054555,0.998511
0.032789,0.975714
0.004406,0.957961
-0.028869,0.943789
-0.065174,0.931457
-0.103072,0.919561
-0.141652,0.907204
-0.180390,0.893889
-0.218989,0.879364
-0.257272,0.863512
-0.295114,0.846286
-0.332424,0.827675
-0.369121,0.807684
-0.405134,0.786335
-0.440399,0.763653
-0.474853,0.739671
-0.508438,0.714423
-0.541098,0.687948
-0.572780,0.660288
-0.603433,0.631487
-0.633008,0.601590
-0.661458,0.570646
-0.688739,0.538705
-0.714809,0.505817
-0.739629,0.472038
-0.763164,0.437422
-0.785379,0.402027
-0.806246,0.365914
-0.825742,0.329146
-0.843853,0.291793
-0.860579,0.253931
-0.875944,0.215657
-0.890020,0.177099
-0.902968,0.138451
-0.915112,0.100040
-0.927055,0.062427
-0.939812,0.026552
-0.954868,-0.006158
-0.973978,-0.033829
-0.998511,-0.054555
0.038491,0.999259
0.015174,0.979167
-0.015630,0.964797
-0.051025,0.953638
-0.088736,0.943564
-0.127418,0.933266
-0.166373,0.922070
-0.205248,0.909657
-0.243848,0.895889
-0.282047,0.880709
-0.319753,0.864103
-0.356886,0.846075
-0.393376,0.826642
-0.429158,0.805827
-0.464170,0.783660
-0.498352,0.760173
-0.531648,0.735403
-0.564003,0.709387
-0.595364,0.682166
-0.625682,0.653785
-0.654908,0.624288
-0.682996,0.593722
-0.709903,0.562137
-0.735585,0.529584
-0.760005,0.496116
-0.783126,0.461786
-0.804913,0.426652
-0.825337,0.390772
-0.844371,0.354208
-0.861995,0.317023
-0.878198,0.279287
-0.892985,0.241081
-0.906386,0.202501
-0.918488,0.163684
-0.929485,0.124849
-0.939781,0.086387
-0.950169,0.049040
-0.962063,0.014163
-0.977625,-0.016002
-0.999259,-0.038491
0.024155,0.999708
-0.002004,0.983349
-0.036005,0.973005
-0.073532,0.964808
-0.112375,0.956667
-0.151585,0.947659
-0.190750,0.937404
-0.229670,0.925752
-0.268226,0.912648
-0.306327,0.898075
-0.343896,0.882038
-0.380866,0.864553
-0.417170,0.845641
-0.452747,0.825328
-0.487537,0.803645
-0.521482,0.780625
-0.554527,0.756303
-0.586618,0.730718
-0.617703,0.703911
-0.647732,0.675924
-0.676658,0.646803
-0.704435,0.616594
-0.731018,0.585345
-0.756366,0.553108
-0.780440,0.519933
-0.803202,0.485876
-0.824618,0.450991
-0.844656,0.415336
-0.863288,0.378970
-0.880490,0.341955
-0.896244,0.304355
-0.910539,0.266240
-0.923381,0.227688
-0.934802,0.188796
-0.944889,0.149697
-0.953851,0.110621
-0.962158,0.072019
-0.970848,0.034879
-0.982100,0.001397
-0.999708,-0.024155
0.011376,0.999935
-0.019819,0.989288
-0.057432,0.983358
-0.096642,0.977654
-0.136191,0.970974
-0.175678,0.962950
-0.214930,0.953458
-0.253844,0.942459
-0.292340,0.929946
-0.330345,0.915927
-0.367795,0.900416
-0.404624,0.883434
-0.440771,0.865006
-0.476176,0.845160
-0.510782,0.823927
-0.544530,0.801340
-0.577368,0.777435
-0.609240,0.752250
-0.640097,0.725826
-0.669887,0.698204
-0.698564,0.669430
-0.726082,0.639550
-0.752396,0.608611
-0.777464,0.576665
-0.801247,0.543762
-0.823706,0.509955
-0.844808,0.475301
-0.864519,0.439855
-0.882808,0.403675
-0.899650,0.366820
-0.915021,0.329353
-0.928902,0.291338
-0.941281,0.252841
-0.952157,0.213935
-0.961549,0.174707
-0.969520,0.135270
-0.976234,0.095818
-0.982133,0.056788
-0.988524,0.019470
-0.999935,-0.011376
-0.000000,1.000000
-0.040266,0.999189
-0.080467,0.996757
-0.120537,0.992709
-0.160411,0.987050
-0.200026,0.979791
-0.239316,0.970942
-0.278218,0.960518
-0.316668,0.948536
-0.354605,0.935016
-0.391967,0.919979
-0.428693,0.903450
-0.464723,0.885456
-0.500000,0.866025
-0.534466,0.845190
-0.568065,0.822984
-0.600742,0.799443
-0.632445,0.774605
-0.663123,0.748511
-0.692724,0.721202
-0.721202,0.692724
-0.748511,0.663123
-0.774605,0.632445
-0.799443,0.600742
-0.822984,0.568065
-0.845190,0.534466
-0.866025,0.500000
-0.885456,0.464723
-0.903450,0.428692
-0.919979,0.391967
-0.935016,0.354605
-0.948536,0.316668
-0.960518,0.278217
-0.970942,0.239315
-0.979791,0.200026
-0.987050,0.160411
-0.992709,0.120537
-0.996757,0.080467
-0.999189,0.040266
-1.000000,-0.000000
1.509688
2.264206
2.692616
2.796580
2.604586
2.169109
1.561919
0.867917
0.177972
-0.418674
-0.841865
-1.027253
-0.931781
-0.537489
0.146649
1.085007
2.217696
3.464883
4.732716
5.920412
6.927974
7.663943
8.052605
8.040098
7.598950
6.730696
5.466364
3.864790
2.008867
-0.000000
-2.048821
-4.020825
-5.803566
-7.296731
-8.419066
-9.113924
-9.353010
-9.138059
-8.500331
-7.497959
2.639468
3.411526
3.835886
3.918230
3.691092
3.210658
2.551776
1.801569
1.052132
0.392903
-0.096731
-0.353987
-0.337935
-0.032992
0.549577
1.372287
2.374144
3.475231
4.582834
5.598632
6.426404
6.979680
7.188730
7.006365
6.412106
5.414380
4.050576
2.384944
0.504472
-1.486951
-3.475664
-5.346125
-6.988989
-8.308766
-9.230494
-9.704939
-9.711927
-9.261571
-8.393308
-7.172808
3.901727
4.649320
5.026649
5.044200
4.739279
4.172457
3.422279
2.578641
1.735369
0.982548
0.399216
0.046961
-0.035065
0.166656
0.638845
1.342396
2.215393
3.177960
4.138568
5.001303
5.673572
6.073615
6.137281
5.823520
5.118178
4.035782
2.619184
0.937059
-0.920559
-2.848376
-4.733135
-6.461562
-7.928376
-9.043765
-9.739780
-9.975161
-9.738237
-9.047699
-7.951167
-6.521677
5.217294
5.895605
6.181664
6.091556
5.668077
4.976813
4.100545
3.132411
2.168350
1.299416
0.604547
0.144348
-0.043647
0.052131
0.416469
1.008667
1.765871
2.608162
3.445040
4.182765
4.732035
5.015366
4.973642
4.571296
3.799736
2.678739
1.255682
-0.397323
-2.188213
-4.011310
-5.754744
-7.308420
-8.571933
-9.461831
-9.917702
-9.906604
-9.425534
-8.501725
-7.190759
-5.572638
6.502705
7.067019
7.219256
6.981848
6.403723
5.556020
4.526181
3.410905
2.308470
1.311040
0.497530
-0.072431
-0.362972
-0.364552
-0.094451
0.404871
1.069402
1.818918
2.563617
3.211543
3.676210
3.883860
3.779772
3.333141
2.540139
1.424927
0.038498
-1.544537
-3.231025
-4.915803
-6.489230
-7.845140
-8.888625
-9.543069
-9.755897
-9.502610
-8.788795
-7.649963
-6.149215
-4.372903
7.675645
8.084283
8.064675
7.646258
6.884618
5.856833
4.655271
3.380331
2.132667
1.005497
0.077575
-0.592640
-0.971183
-1.050834
-0.851258
-0.417028
0.186304
0.877785
1.567856
2.165827
2.587475
2.762144
2.638832
2.190761
1.418090
0.348542
-0.964108
-2.443585
-3.996445
-5.518791
-6.903872
-8.050000
-8.868175
-9.288865
-9.267408
-8.787632
-7.863415
-6.538067
-4.881552
-2.985777
8.660334
8.877384
8.655000
8.030134
7.065388
5.843987
4.463289
3.027333
1.638971
0.392206
-0.634709
-1.384889
-1.826715
-1.955758
-1.794556
-1.390299
-0.810596
-0.137659
0.538644
1.128324
1.548813
1.731931
1.629733
1.218778
0.502499
-0.488535
-1.698479
-3.050079
-4.450234
-5.796871
-6.986588
-7.922502
-8.521709
-8.721783
-8.485819
-7.805641
-6.702913
-5.228066
-3.457108
-1.486559
9.392476
9.390168
8.943274
8.096589
6.919889
5.502543
3.946750
2.359904
0.846667
-0.498650
-1.598844
-2.399184
-2.871015
-3.013315
-2.852118
-2.437845
-1.840763
-1.144934
-0.441120
0.180807
0.639357
0.868236
0.821963
0.479842
-0.152010
-1.040757
-2.129036
-3.339110
-4.578664
-5.747794
-6.746684
-7.483370
-7.881004
-7.884068
-7.463056
-6.617261
-5.375447
-3.794340
-1.955049
0.042341
9.823463
9.584020
8.901597
7.828946
6.442954
4.838908
3.123473
1.406903
-0.204930
-1.618081
-2.757111
-3.570192
-4.032373
-4.146776
-3.943637
-3.477277
-2.821258
-2.062092
-1.291997
-0.601262
-0.070815
0.234449
0.271039
0.020548
-0.508658
-1.281871
-2.240570
-3.306839
-4.389369
-5.390562
-6.214210
-6.773162
-6.996382
-6.834874
-6.265990
-5.295809
-3.959377
-2.318788
-0.459222
1.516749
9.923555
9.440403
8.522973
7.231859
5.650768
3.880456
2.031465
0.216206
-1.459017
-2.901463
-4.038315
-4.821506
-5.230626
-5.273734
-4.986005
-4.426340
-3.672208
-2.813118
-1.943236
-1.153709
-0.525288
-0.121825
0.014865
-0.131616
-0.550896
-1.206604
-2.039207
-2.970705
-3.910810
-4.764152
-5.437955
-5.849586
-5.933404
-5.646384
-4.972064
-3.922515
-2.538169
-0.885497
0.947284
2.856191
9.683832
8.962087
7.821793
6.331044
4.579854
2.673784
0.726471
-1.148384
-2.844983
-4.272740
-5.362423
-6.070644
-6.382409
-6.311510
-5.898780
-5.208327
-4.322062
-3.332941
-2.337445
-1.427871
-0.685027
-0.171898
0.071252
0.029947
-0.283476
-0.830980
-1.551970
-2.368246
-3.190363
-3.924920
-4.482220
-4.783698
-4.768556
-4.399081
-3.664234
-2.581228
-1.194953
0.424715
2.187535
3.989112
9.116778
8.172981
6.832923
5.171633
3.284717
1.281701
-0.721623
-2.611275
-4.282993
-5.649383
-6.645789
-7.234445
-7.406616
-7.182585
-6.609478
-5.757133
-4.712317
-3.571732
-2.434379
-1.393817
-0.530956
0.092114
0.436749
0.490518
0.267884
-0.191247
-0.824974
-1.554605
-2.291188
-2.942880
-3.422579
-3.655230
-3.584235
-3.176474
-2.425543
-1.352942
-0.007124
1.539555
3.195742
4.857513
8.255476
7.116595
5.609450
3.815256
1.834328
-0.220830
-2.233328
-4.089992
-5.689187
-6.947761
-7.806619
-8.234505
-8.229724
-7.819691
-7.058342
-6.021620
-4.801384
-3.498206
-2.213609
-1.042334
-0.065220
0.656760
1.086868
1.215036
1.058203
0.658527
0.079624
-0.598880
-1.288051
-1.897083
-2.340903
-2.547346
-2.463341
-2.059641
-1.333705
-0.310524
0.958703
2.399947
3.921523
5.420700
7.151458
5.853212
4.219245
2.336054
0.307654
-1.751555
-3.724699
-5.500533
-6.981131
-8.088596
-8.770309
-9.002317
-8.790612
-8.170243
-7.202292
-5.968996
-4.567350
-3.101702
-1.675898
-0.385558
0.688923
1.488126
1.977686
2.150400
2.026200
1.650022
1.087731
0.420433
-0.262396
-0.870412
-1.319974
-1.541182
-1.483846
-1.121915
-0.456026
0.486035
1.651011
2.963854
4.333154
5.657904
5.871341
4.455971
2.740554
0.815862
-1.211468
-3.226263
-5.112793
-6.762832
-8.083183
-9.002129
-9.474322
-9.483751
-9.044581
-8.199797
-7.017772
-5.587004
-4.009451
-2.392930
-0.843186
0.543789
1.688615
2.534044
3.048725
3.228964
3.098329
2.705163
2.118199
1.420617
0.703024
0.055878
-0.438037
-0.710517
-0.713678
-0.424095
0.154980
0.993520
2.036722
3.208994
4.419607
5.569596
4.492495
3.006108
1.256916
-0.661094
-2.639765
-4.564255
-6.321052
-7.805958
-8.931418
-9.632674
-9.872275
-9.642612
-8.966295
-7.894342
-6.502326
-4.884763
-3.148168
-1.403303
0.242811
1.694509
2.874176
3.727496
4.226905
4.372968
4.193610
3.741265
3.088170
2.320183
1.529597
0.807509
0.236340
-0.116930
-0.206274
-0.010471
0.465020
1.188293
2.103328
3.134257
4.191226
5.177413
3.097992
1.587674
-0.148265
-2.013673
-3.899935
-5.693573
-7.284268
-8.572726
-9.477784
-9.942243
-9.936974
-9.463012
-8.551462
-7.261240
-5.674804
-3.892212
-2.023926
-0.182926
1.523294
3.000259
4.172993
4.990996
5.431337
5.499648
5.228958
4.676470
3.918539
3.044242
2.148034
1.322072
0.648784
0.194249
0.002922
0.094073
0.460242
1.067815
1.859675
2.759737
3.679006
4.522706
1.771197
0.282063
-1.397136
-3.169077
-4.925656
-6.555669
-7.952815
-9.023405
-9.693226
-9.913023
-9.662193
-8.950425
-7.817140
-6.328782
-4.574163
-2.658198
-0.694494
1.202641
2.926196
4.383855
5.504256
6.241651
6.578620
6.526667
6.124642
5.435142
4.539166
3.529442
2.502939
1.553146
0.762696
0.196919
-0.101212
-0.114325
0.148127
0.650785
1.335351
2.125379
2.932530
3.663789
0.590340
-0.837275
-2.422451
-4.067575
-5.665882
-7.109192
-8.295856
-9.138290
-9.569568
-9.548535
-9.063089
-8.131350
-6.800646
-5.144372
-3.256960
-1.247321
0.768749
2.676637
4.370859
5.762306
6.784233
7.396583
7.588305
7.377520
6.809532
5.952847
4.893501
3.728156
2.556474
1.473361
0.561672
-0.114074
-0.512489
-0.618257
-0.443019
-0.024110
0.578713
1.288328
2.016680
2.672088
-0.376583
-1.709609
-3.171929
-4.666364
-6.088139
-7.332652
-8.303327
-8.918964
-9.120030
-8.873402
-8.175217
-7.051590
-5.557146
-3.771463
-1.793696
0.264246
2.285444
4.156076
5.773284
7.052215
7.931731
8.378354
8.388171
7.986561
7.225784
6.180606
4.942327
3.611635
2.290866
1.076227
0.050596
-0.722581
-1.203813
-1.380196
-1.265936
-0.900759
-0.346310
0.319150
1.007356
1.627433
-1.076227
-2.290866
-3.611635
-4.942327
-6.180606
-7.225784
-7.986561
-8.388171
-8.378354
-7.931731
-7.052215
-5.773284
-4.156076
-2.285444
-0.264246
1.793696
3.771463
5.557146
7.051590
8.175217
8.873402
9.120030
8.918964
8.303327
7.332652
6.088139
4.666364
3.171929
1.709609
0.376583
-0.744657
-1.592198
-2.128955
-2.344957
-2.257526
-1.909322
-1.364436
-0.702826
-0.013532
0.612794
-1.473361
-2.556474
-3.728156
-4.893501
-5.952847
-6.809532
-7.377520
-7.588305
-7.396583
-6.784233
-5.762306
-4.370859
-2.676637
-0.768749
1.247321
3.256960
5.144372
6.800646
8.131350
9.063089
9.548535
9.569568
9.138290
8.295856
7.109192
5.665882
4.067575
2.422451
0.837275
-0.590340
-1.778888
-2.668638
-3.225572
-3.443326
-3.342998
-2.970831
-2.393989
-1.694732
-0.963462
-0.291180
-1.553146
-2.502939
-3.529442
-4.539166
-5.435142
-6.124642
-6.526667
-6.578620
-6.241651
-5.504256
-4.383855
-2.926196
-1.202641
0.694494
2.658198
4.574163
6.328782
7.817140
8.950425
9.662193
9.913023
9.693226
9.023405
7.952815
6.555669
4.925656
3.169077
1.397136
-0.282063
-1.771197
-2.990521
-3.883272
-4.419293
-4.596596
-4.440789
-4.002392
-3.352284
-2.575625
-1.764735
-1.011471
-1.322072
-2.148034
-3.044242
-3.918539
-4.676470
-5.228958
-5.499648
-5.431337
-4.990996
-4.172993
-3.000259
-1.523294
0.182926
2.023926
3.892212
5.674804
7.261240
8.551462
9.463012
9.936974
9.942243
9.477784
8.572726
7.284268
5.693573
3.899935
2.013673
0.148265
-1.587674
-3.097992
-4.305604
-5.157614
-5.628589
-5.721735
-5.467924
-4.922634
-4.161069
-3.271824
-2.349596
-1.487506
-0.807509
-1.529597
-2.320183
-3.088170
-3.741265
-4.193610
-4.372968
-4.226905
-3.727496
-2.874176
-1.694509
-0.242811
1.403303
3.148168
4.884763
6.502326
7.894342
8.966295
9.642612
9.872275
9.632674
8.931418
7.805958
6.321052
4.564255
2.639765
0.661094
-1.256916
-3.006108
-4.492495
-5.642635
-6.408448
-6.770111
-6.736834
-6.345468
-5.657071
-4.751687
-3.721763
-2.664709
-1.675150
-0.055878
-0.703024
-1.420617
-2.118199
-2.705163
-3.098329
-3.228964
-3.048725
-2.534044
-1.688615
-0.543789
0.843186
2.392930
4.009451
5.587004
7.017772
8.199797
9.044581
9.483751
9.474322
9.002129
8.083183
6.762832
5.112793
3.226263
1.211468
-0.815862
-2.740554
-4.455971
-5.871341
-6.917882
-7.553271
-7.764152
-7.566483
-7.003724
-6.143008
-5.069601
-3.880067
-2.674678
-1.549629
0.870412
0.262396
-0.420433
-1.087731
-1.650022
-2.026200
-2.150400
-1.977686
-1.488126
-0.688923
0.385558
1.675898
3.101702
4.567350
5.968996
7.202292
8.170243
8.790612
9.002317
8.770309
8.088596
6.981131
5.500533
3.724699
1.751555
-0.307654
-2.336054
-4.219245
-5.853212
-7.151458
-8.050842
-8.515689
-8.539874
-8.146731
-7.386815
-6.333679
-5.078008
-3.720555
-2.364405
-1.107180
1.897083
1.288051
0.598880
-0.079624
-0.658527
-1.058203
-1.215036
-1.086868
-0.656760
0.065220
1.042334
2.213609
3.498206
4.801384
6.021620
7.058342
7.819691
8.229724
8.234505
7.806619
6.947761
5.689187
4.089992
2.233328
0.220830
-1.834328
-3.815256
-5.609450
-7.116595
-8.255476
-8.969501
-9.230414
-9.039949
-8.429286
-7.456379
-6.201345
-4.760286
-3.237995
-1.740116
-0.365330
2.942880
2.291188
1.554605
0.824974
0.191247
-0.267884
-0.490518
-0.436749
-0.092114
0.530956
1.393817
2.434379
3.571732
4.712317
5.757133
6.609478
7.182585
7.406616
7.234445
6.645789
5.649383
4.282993
2.611275
0.721623
-1.281701
-3.284717
-5.171633
-6.832923
-8.172981
-9.116778
-9.615038
-9.647544
-9.224334
-8.384706
-7.194108
-5.739149
-4.121118
-2.448490
-0.828985
0.638220
3.924920
3.190363
2.368246
1.551970
0.830980
0.283476
-0.029947
-0.071252
0.171898
0.685027
1.427871
2.337445
3.332941
4.322062
5.208327
5.898780
6.311510
6.382409
6.070644
5.362423
4.272740
2.844983
1.148384
-0.726471
-2.673784
-4.579854
-6.331044
-7.821793
-8.962087
-9.683832
-9.945666
-9.735829
-9.072901
-8.004348
-6.602980
-4.961601
-3.186236
-1.388461
0.322602
1.848031
