# Number of triangles
36
# Number of Nodes
25
# Node Positions
0. 0.
1. 0.
2. 0.
3. 0.
0.5 0.5
1.5 0.5
2.5 0.5
0. 1.
1. 1.
2. 1.
3. 1.
0.5 1.5
1.5 1.5
2.5 1.5
0. 2.
1. 2.
2. 2.
3. 2.
0.5 2.5
1.5 2.5
2.5 2.5
0. 3.
1. 3.
2. 3.
3. 3.
#Triangle Definitions
0 1 4
4 1 8
4 8 7
0 4 7
1 2 5
5 2 9
5 9 8
1 5 8
2 3 6
6 3 10
6 10 9
2 6 9
7 8 11
11 8 15
11 15 14
7 11 14
8 9 12
12 9 16
12 16 15
8 12 15
9 10 13
13 10 17
13 17 16
9 13 16
14 15 18
18 15 22
18 22 21
14 18 21
15 16 19
19 16 23
19 23 22
15 19 22
16 17 20
20 17 24
20 24 23
16 20 23
#Number of Boundaries
4
#Boundary Descriptions
bottom
4
0 1 2 3
left
4
0 7 14 21
top
4
21 22 23 24
right
4
3 10 17 24
